155 21.3125
161 20.3125
166 19.375
171 18.5625
177 17.6875
182 16.9375
187 16.25
192 15.6875
198 15.125
203 14.625
208 14.1875
213 13.75
219 13.375
224 13.0
229 12.625
234 12.375
240 12.0625
245 11.8125
250 11.5625
256 11.3125
261 11.125
266 10.9375
271 10.6875
276 10.5
282 10.375
287 10.25
292 10.125
297 10.0
303 9.875
308 9.75
313 9.6875
318 9.625
324 9.5625
329 9.4375
334 9.375
339 9.3125
345 9.25
350 9.1875
355 9.1875
360 9.125
366 9.0625
371 9.0
376 9.0
381 8.9375
386 8.9375
392 8.9375
397 8.875
402 8.875
407 8.875
413 8.8125
418 8.8125
423 8.8125
428 8.8125
433 8.8125
439 8.75
444 8.75
449 8.8125
454 8.75
460 8.75
465 8.8125
470 8.75
475 8.8125
480 8.8125
486 8.8125
491 8.8125
496 8.8125
501 8.8125
506 8.8125
512 8.8125
517 8.875
522 8.8125
527 8.9375
533 8.875
538 8.875
543 8.875
548 8.9375
553 8.9375
559 9.0
564 9.0
569 9.0625
574 9.0625
579 9.0625
585 9.0625
590 9.125
595 9.1875
600 9.1875
605 9.1875
611 9.25
616 9.25
621 9.25
626 9.25
632 9.3125
637 9.3125
642 9.3125
647 9.375
652 9.4375
658 9.4375
663 9.4375
668 9.5
673 9.5
678 9.5
684 9.5625
689 9.5625
694 9.5625
699 9.5625
704 9.6875
710 9.6875
715 9.75
720 9.75
725 9.75
730 9.8125
736 9.875
741 9.8125
746 9.875
751 9.9375
756 9.9375
762 10.0
767 10.0
772 10.0
777 10.0625
782 10.0625
788 10.0625
793 10.0625
798 10.125
803 10.1875
808 10.1875
813 10.25
819 10.25
824 10.25
829 10.3125
834 10.3125
839 10.375
845 10.375
850 10.375
855 10.4375
860 10.4375
865 10.5
871 10.5
876 10.5625
881 10.5625
886 10.5625
891 10.625
897 10.625
902 10.625
907 10.6875
912 10.6875
917 10.75
923 10.75
928 10.8125
933 10.8125
938 10.875
943 10.9375
948 10.9375
954 10.9375
959 10.9375
964 11.0
969 11.0
974 11.0625
980 11.0625
985 11.0625
990 11.0625
995 11.125
1000 11.1875
1006 11.1875
1011 11.1875
1016 11.25
1021 11.3125
1026 11.3125
1031 11.3125
1037 11.375
1042 11.375
1047 11.4375
1052 11.375
1057 11.4375
1063 11.4375
1068 11.5
1073 11.5625
1078 11.5625
1083 11.5625
1089 11.625
1094 11.625
1099 11.625
1104 11.6875
1109 11.6875
1114 11.6875
1120 11.75
1125 11.75
1130 11.75
1135 11.8125
1140 11.8125
1146 11.8125
1151 11.8125
1156 11.875
1161 11.9375
1166 11.9375
1172 12.0
1177 12.0
1182 12.0
1187 12.0625
1192 12.0
1197 12.0625
1203 12.0625
1208 12.125
1213 12.125
1218 12.1875
1223 12.1875
1229 12.25
1234 12.25
1239 12.25
1244 12.3125
1249 12.3125
1254 12.3125
1260 12.375
1265 12.375
1270 12.4375
1275 12.4375
1280 12.4375
1285 12.5
1291 12.5
1296 12.5
1301 12.5625
1306 12.5625
1311 12.5625
1317 12.5625
1322 12.625
1327 12.6875
1332 12.625
1337 12.6875
1342 12.6875
1348 12.75
1353 12.75
1358 12.8125
1363 12.8125
1368 12.8125
1374 12.875
1379 12.875
1384 12.875
1389 12.9375
1394 12.9375
1399 12.9375
1405 13.0
1410 13.0
1415 13.0625
1420 13.0625
1425 13.0625
1430 13.125
1436 13.125
1441 13.125
1446 13.125
1451 13.1875
1456 13.1875
1461 13.25
1467 13.25
1472 13.25
1477 13.25
1482 13.3125
1487 13.3125
1493 13.375
1498 13.375
1503 13.375
1508 13.4375
1513 13.4375
1518 13.5
1524 13.5
1529 13.5
1534 13.5
1539 13.5
1544 13.5625
1549 13.5625
1555 13.625
1560 13.625
1565 13.625
1570 13.625
1575 13.6875
1580 13.6875
1586 13.6875
1591 13.75
1596 13.75
1601 13.8125
1606 13.8125
1612 13.8125
1617 13.8125
1622 13.875
1627 13.875
1632 13.875
1637 13.9375
1643 13.9375
1648 13.9375
1653 13.9375
1658 14.0
1663 14.0
1668 14.0
1674 14.0
1679 14.0625
1684 14.0625
1689 14.0625
1694 14.125
1699 14.125
1705 14.1875
1710 14.1875
1715 14.1875
1720 14.1875
1725 14.25
1730 14.25
1736 14.25
1741 14.25
1746 14.3125
1751 14.375
1756 14.375
1761 14.375
1767 14.375
1772 14.4375
1777 14.4375
1782 14.4375
1787 14.4375
1792 14.5
1798 14.5
1803 14.5
1808 14.5
1813 14.5625
1818 14.5625
1823 14.5625
1829 14.5625
1834 14.625
1839 14.625
1844 14.625
1849 14.6875
1854 14.6875
1860 14.6875
1865 14.6875
1870 14.75
1875 14.75
1880 14.75
1885 14.8125
1891 14.8125
1896 14.8125
1901 14.8125
1906 14.8125
1911 16.375
1916 19.5
1922 19.625
1927 19.3125
1932 19.0
1937 18.6875
1942 18.4375
1947 18.1875
1953 17.9375